0 30 33 28 32 54 34 51 32 36 42 53 39 40 41 34 25 22 44 39 10 46 32 45 38
30 0 31 28 38 42 31 17 27 25 43 25 34 43 29 37 43 49 43 11 32 42 40 24 49
33 31 0 54 23 44 52 26 54 42 15 27 27 48 35 38 35 28 55 25 29 27 28 47 42
28 28 54 0 44 33 39 38 37 24 18 28 25 39 26 38 51 12 40 35 29 41 51 25 57
32 38 23 44 0 36 53 36 35 21 32 56 27 12 28 41 21 43 50 28 15 27 37 43 48
54 42 44 33 36 0 37 37 33 30 23 29 46 45 35 18 43 41 34 44 25 35 25 48 18
34 31 52 39 53 37 0 31 32 38 31 47 46 43 36 43 33 47 26 19 20 39 35 33 40
51 17 26 38 36 37 31 0 31 54 18 34 26 32 29 44 27 40 37 31 35 35 22 34 52
32 27 54 37 35 33 32 31 0 41 50 27 35 45 30 27 28 48 40 43 44 52 35 28 54
36 25 42 24 21 30 38 54 41 0 17 26 30 39 48 32 44 43 47 36 28 44 56 34 23
42 43 15 18 32 23 31 18 50 17 0 35 21 26 39 33 52 23 25 45 28 29 43 35 50
53 25 27 28 56 29 47 34 27 26 35 0 42 38 14 26 34 28 50 46 39 26 33 40 54
39 34 27 25 27 46 46 26 35 30 21 42 0 24 30 24 35 27 18 34 45 32 37 47 40
40 43 48 39 12 45 43 32 45 39 26 38 24 0 33 38 56 40 44 25 24 25 32 47 45
41 29 35 26 28 35 36 29 30 48 39 14 30 33 0 33 38 27 44 30 38 41 33 33 44
34 37 38 38 41 18 43 44 27 32 33 26 24 38 33 0 16 46 38 34 20 39 51 26 29
25 43 35 51 21 43 33 27 28 44 52 34 35 56 38 16 0 40 53 40 16 43 38 20 29
22 49 28 12 43 41 47 40 48 43 23 28 27 40 27 46 40 0 35 19 20 40 14 43 23
44 43 55 40 50 34 26 37 40 47 25 50 18 44 44 38 53 35 0 46 36 30 34 43 22
39 11 25 35 28 44 19 31 43 36 45 46 34 25 30 34 40 19 46 0 30 39 39 36 45
10 32 29 29 15 25 20 35 44 28 28 39 45 24 38 20 16 20 36 30 0 33 26 35 33
46 42 27 41 27 35 39 35 52 44 29 26 32 25 41 39 43 40 30 39 33 0 41 23 41
32 40 28 51 37 25 35 22 35 56 43 33 37 32 33 51 38 14 34 39 26 41 0 33 53
45 24 47 25 43 48 33 34 28 34 35 40 47 47 33 26 20 43 43 36 35 23 33 0 33
38 49 42 57 48 18 40 52 54 23 50 54 40 45 44 29 29 23 22 45 33 41 53 33 0
